9 6
9 7
9 8
9 9
9 10
9 11
9 12
9 13
9 14
9 15
9 16
9 17
9 18
9 19
10 5
10 6
10 19
11 4
11 5
11 19
12 3
12 4
12 9
12 10
12 11
12 19
13 3
13 9
13 11
13 14
13 15
13 16
13 19
13 20
13 21
13 22
14 3
14 4
14 5
14 6
14 7
14 8
14 9
14 11
14 14
14 16
14 22
15 11
15 14
15 16
15 22
16 11
16 14
16 16
16 17
16 18
16 19
16 20
16 21
16 22
17 11
17 14
18 11
18 14
19 11
19 14
20 11
20 14
20 17
20 18
20 19
21 11
21 14
21 17
21 19
22 11
22 14
22 15
22 16
22 17
22 19
23 11
23 19
24 11
24 19
25 11
25 12
25 13
25 14
25 15
25 16
25 17
25 18
25 19
