1 1
1 2
1 3
1 4
2 1
2 4
3 1
3 4
4 1
4 4
4 5
4 6
4 7
4 8
4 9
4 10
4 11
4 12
5 0
5 1
5 12
6 0
6 12
7 0
7 1
7 2
7 3
7 4
7 5
7 6
7 12
8 6
8 12
8 13
8 14
8 15
8 16
8 17
9 6
9 17
10 6
10 17
10 18
10 19
11 1
11 2
11 3
11 4
11 5
11 6
11 19
12 1
12 19
13 1
13 9
13 10
13 11
13 19
14 1
14 9
14 11
14 14
14 15
14 16
14 17
14 18
14 19
15 1
15 9
15 11
15 14
16 1
16 9
16 11
16 14
16 15
16 16
17 1
17 9
17 11
17 16
18 1
18 2
18 3
18 4
18 5
18 6
18 9
18 11
18 12
18 13
18 14
18 15
18 16
19 6
19 9
20 6
20 9
21 6
21 9
22 6
22 9
23 6
23 7
23 8
23 9
